kelly_weight	gain_loss_r	mean_slip_accurance	gain_loss_p	S_paths[0]	assets
0.0	0.0	1.0	0.0	9.73	9.73
1.0	-0.004111	0.98796	0.0	9.69	9.69
1.0	-0.007224	0.973085	0.002064	9.62	9.62
1.0	0.015593	0.968057	0.006237	9.77	9.77
0.0	0.007165	0.951415	-0.00641	9.84	9.77
0.0	-0.028455	0.925817	-0.006932	9.56	9.77
1.0	-0.004184	0.916807	0.014487	9.52	9.729121
1.0	-0.027311	0.870791	0.011675	9.26	9.46341
1.0	0.0	0.865632	0.02478	9.26	9.46341
1.0	-0.008639	0.8721	0.012941	9.18	9.381653
1.0	0.055556	0.83485	0.011476	9.69	9.902856
0.0	0.004128	0.841519	-0.030146	9.73	9.902856
0.0	0.101747	0.699793	-0.020397	10.72	9.902856
0.0	0.101679	0.511872	-0.070595	11.81	9.902856
0.0	0.101609	0.345525	-0.096057	13.01	9.902856
0.0	-0.026134	0.363667	-0.1	12.67	9.902856
0.0	-0.101026	0.436766	-0.037329	11.39	9.902856
0.0	-0.100966	0.335168	0.060391	10.24	9.902856
0.0	-0.038086	0.338936	0.1	9.85	9.902856
0.0	-0.06802	0.247329	0.091807	9.18	9.902856
0.0	-0.023965	0.231021	0.09503	8.96	9.902856
0.0	0.033482	0.464992	0.062619	9.26	9.902856
1.0	-0.008639	0.647098	0.005099	9.18	9.817302
1.0	0.015251	0.812449	0.003579	9.32	9.967021
0.0	0.01073	0.908782	-0.009368	9.42	9.967021
0.0	-0.016985	0.941808	-0.012501	9.26	9.967021
1.0	0.071274	0.854564	0.004945	9.92	10.677413
0.0	0.043347	0.756769	-0.04095	10.35	10.677413
0.0	-0.010628	0.76341	-0.049705	10.24	10.677413
0.0	-0.03418	0.780053	-0.018801	9.89	10.677413
1.0	0.063701	0.781882	0.016337	10.52	11.357572
0.0	0.008555	0.823027	-0.029421	10.61	11.357572
0.0	-0.02639	0.885468	-0.022487	10.33	11.357572
1.0	0.010649	0.905733	0.006562	10.44	11.478514
0.0	0.061303	0.849455	-0.001665	11.08	11.478514
0.0	-0.049639	0.898834	-0.039348	10.53	11.478514
1.0	0.016144	0.915383	0.011669	10.7	11.663828
0.0	0.025234	0.878079	-0.001866	10.97	11.663828
0.0	-0.007293	0.933915	-0.017396	10.89	11.663828
0.0	0.011019	0.928807	-0.004946	11.01	11.663828
0.0	0.034514	0.869973	-0.009041	11.39	11.663828
0.0	0.001756	0.871898	-0.026583	11.41	11.663828
0.0	-0.03681	0.867939	-0.015451	10.99	11.663828
1.0	-0.019108	0.835261	0.018238	10.78	11.440952
1.0	0.016698	0.887974	0.024813	10.96	11.631988
1.0	-0.019161	0.892062	0.001976	10.75	11.409113
1.0	0.043721	0.87456	0.012441	11.22	11.90793
0.0	0.005348	0.885677	-0.021842	11.28	11.90793
0.0	0.001773	0.882849	-0.016445	11.3	11.90793
0.0	-0.004425	0.911613	-0.009339	11.25	11.90793
0.0	-0.007111	0.937788	-0.000978	11.17	11.90793
1.0	0.053715	0.888416	0.0051	11.77	12.547568
0.0	0.005098	0.868207	-0.03109	11.83	12.547568
0.0	0.030431	0.815433	-0.020942	12.19	12.547568
0.0	0.051682	0.720464	-0.029493	12.82	12.547568
0.0	-0.021841	0.772813	-0.046907	12.54	12.547568
0.0	0.055821	0.731931	-0.009939	13.24	12.547568
0.0	-0.001511	0.756248	-0.037506	13.22	12.547568
0.0	-0.061271	0.787599	-0.018663	12.41	12.547568
1.0	0.0	0.783915	0.034866	12.41	12.547568
1.0	-0.008864	0.821728	0.021296	12.3	12.436348
1.0	-0.004878	0.844288	0.016401	12.24	12.375683
1.0	-0.037582	0.820297	0.010638	11.78	11.910584
1.0	0.014431	0.857289	0.030819	11.95	12.082468
1.0	0.01841	0.887986	0.006576	12.17	12.304907
0.0	0.008217	0.887048	-0.010317	12.27	12.304907
0.0	0.025265	0.885627	-0.012008	12.58	12.304907
0.0	-0.00318	0.890506	-0.022574	12.54	12.304907
0.0	0.101276	0.744606	-0.009693	13.81	12.304907
0.0	0.014482	0.681277	-0.064913	14.01	12.304907
0.0	-0.051392	0.769178	-0.044467	13.29	12.304907
1.0	0.010534	0.806062	0.013876	13.43	12.43453
1.0	0.072226	0.799743	0.004485	14.4	13.332631
0.0	-0.060417	0.877014	-0.042481	13.53	13.332631
1.0	0.101256	0.775938	0.017111	14.9	14.682646
0.0	-0.016107	0.761122	-0.050459	14.66	14.682646
0.0	-0.025921	0.846593	-0.01798	14.28	14.682646
1.0	-0.10084	0.662453	0.010159	12.84	13.202043
0.0	-0.101246	0.443343	0.083271	11.54	13.202043
0.0	-0.07539	0.229097	0.1	10.67	13.202043
0.0	0.059044	0.288656	0.1	11.3	13.202043
0.0	0.030088	0.480857	0.020005	11.64	13.202043
0.0	0.018041	0.645687	-0.01743	11.85	13.202043
0.0	-0.003376	0.847071	-0.024535	11.81	13.202043
0.0	-0.011854	0.927196	-0.010932	11.67	13.202043
1.0	-0.031705	0.878879	0.00364	11.3	12.783469
1.0	-0.000885	0.886622	0.02514	11.29	12.772156
1.0	0.0	0.904235	0.014725	11.29	12.772156
1.0	0.027458	0.883741	0.006731	11.6	13.122853
0.0	-0.015517	0.933847	-0.015425	11.42	13.122853
1.0	0.030648	0.914771	0.001075	11.77	13.525042
0.0	-0.013594	0.935141	-0.018512	11.61	13.525042
0.0	0.015504	0.93638	-0.001092	11.79	13.525042
0.0	-0.038168	0.894136	-0.009722	11.34	13.525042
1.0	0.050265	0.893274	0.021199	11.91	14.204873
0.0	0.057095	0.791789	-0.020043	12.59	14.204873
0.0	0.042097	0.700937	-0.047583	13.12	14.204873
0.0	-0.009146	0.716485	-0.05178	13.0	14.204873
0.0	0.017692	0.721983	-0.020226	13.23	14.204873
0.0	-0.022676	0.81776	-0.019	12.93	14.204873
1.0	0.024749	0.884197	0.006704	13.25	14.556424
0.0	-0.007547	0.93091	-0.010983	13.15	14.556424
0.0	-0.00076	0.973548	-0.001191	13.14	14.556424
1.0	-0.00761	0.964382	0.000334	13.04	14.445644
1.0	0.006135	0.985028	0.005518	13.12	14.534268
0.0	0.101372	0.828183	-0.000971	14.45	14.534268
0.0	-0.002768	0.770944	-0.062194	14.41	14.534268
0.0	-0.037474	0.823987	-0.03308	13.87	14.534268
1.0	-0.012978	0.800369	0.010379	13.69	14.345647
1.0	-0.01534	0.847434	0.017762	13.48	14.12559
1.0	0.009644	0.910752	0.020604	13.61	14.261816
1.0	0.062454	0.832642	0.003863	14.46	15.152525
0.0	0.006224	0.808639	-0.038598	14.55	15.152525
0.0	0.101031	0.676108	-0.02619	16.02	15.152525
0.0	0.101124	0.479716	-0.072639	17.64	15.152525
0.0	-0.010771	0.491225	-0.096369	17.45	15.152525
0.0	-0.097421	0.513053	-0.043043	15.75	15.152525
0.119705	-0.029841	0.531523	0.052668	15.28	15.098398
0.6057	0.010471	0.668621	0.055678	15.44	15.194158
1.0	0.005181	0.769808	0.021823	15.52	15.272884
1.0	-0.024485	0.7972	0.00468	15.14	14.898935
1.0	0.019155	0.897685	0.017029	15.43	15.184317
0.0	0.01361	0.920667	-0.003924	15.64	15.184317
0.0	-0.038363	0.898628	-0.012115	15.04	15.184317
1.0	-0.019947	0.875954	0.019559	14.74	14.881438
1.0	-0.006784	0.848068	0.025538	14.64	14.780479
1.0	-0.020492	0.822843	0.018058	14.34	14.4776
1.0	-0.011158	0.818466	0.022455	14.18	14.316065
1.0	0.0	0.852892	0.018696	14.18	14.316065
1.0	0.042313	0.847066	0.008831	14.78	14.921822
0.0	0.028417	0.818404	-0.023741	15.2	14.921822
0.0	0.038816	0.76629	-0.032118	15.79	14.921822
0.0	-0.010133	0.777031	-0.041116	15.63	14.921822
0.0	0.060141	0.719051	-0.014266	16.57	14.921822
0.0	-0.013881	0.761695	-0.042613	16.34	14.921822
0.0	-0.015912	0.857453	-0.013302	16.08	14.921822
1.0	-0.014303	0.861375	0.005967	15.85	14.708388
1.0	0.016404	0.939368	0.014582	16.11	14.949661
0.0	-0.014898	0.953047	-0.002797	15.87	14.949661
1.0	0.017013	0.94599	0.007542	16.14	15.204003
0.0	0.008055	0.947941	-0.007119	16.27	15.204003
0.0	-0.028888	0.924996	-0.009692	15.8	15.204003
1.0	0.008861	0.941043	0.014558	15.94	15.338722
1.0	-0.011292	0.933014	0.002893	15.76	15.165512
1.0	0.044416	0.896698	0.008635	16.46	15.839107
0.0	-0.00243	0.899093	-0.024142	16.42	15.839107
0.0	-0.001827	0.905551	-0.012457	16.39	15.839107
0.0	0.010982	0.903788	-0.004544	16.57	15.839107
0.0	0.030779	0.881421	-0.008667	17.08	15.839107
0.0	-0.010539	0.902144	-0.024117	16.9	15.839107
0.0	-0.029586	0.88666	-0.005985	16.4	15.839107
1.0	-0.018902	0.850979	0.018452	16.09	15.53971
1.0	0.021753	0.91023	0.024166	16.44	15.877739
0.0	0.0	0.931392	-0.001863	16.44	15.877739
0.0	0.007908	0.938813	-0.002702	16.57	15.877739
0.0	-0.019916	0.959692	-0.007076	16.24	15.877739
1.0	0.014163	0.963475	0.009665	16.47	16.102609
0.0	-0.039466	0.90532	-0.003509	15.82	16.102609
1.0	0.065107	0.869702	0.024956	16.85	17.151009
0.0	0.0273	0.817458	-0.027617	17.31	17.151009
0.0	0.002311	0.794603	-0.034026	17.35	17.151009
0.0	0.022478	0.79183	-0.019413	17.74	17.151009
0.0	-0.007328	0.831431	-0.023009	17.61	17.151009
0.0	-0.010221	0.896138	-0.006323	17.43	17.151009
1.0	0.022949	0.907587	0.00499	17.83	17.544606
0.0	0.009534	0.92191	-0.01147	18.0	17.544606
0.0	0.017778	0.899871	-0.01283	18.32	17.544606
0.0	-0.021834	0.917521	-0.018186	17.92	17.544606
1.0	0.099888	0.794112	0.005394	19.71	19.297109
0.0	-0.008118	0.773134	-0.056676	19.55	19.297109
0.0	-0.01023	0.82042	-0.026487	19.35	19.297109
0.0	-0.015504	0.825755	-0.004902	19.05	19.297109
1.0	0.013123	0.916167	0.010233	19.3	19.550352
0.0	-0.002073	0.969089	-0.002159	19.26	19.550352
0.0	0.038941	0.920133	-0.000324	20.01	19.550352
0.0	-0.006497	0.91681	-0.025237	19.88	19.550352
0.0	-0.037223	0.888806	-0.009861	19.14	19.550352
1.0	-0.055904	0.764228	0.021561	18.07	18.457411
1.0	0.02767	0.806364	0.053384	18.57	18.968131
1.0	-0.00377	0.833898	0.010093	18.5	18.89663
1.0	0.03027	0.832376	0.004863	19.06	19.468636
0.0	0.018888	0.866138	-0.018432	19.42	19.468636
0.0	-0.023172	0.915323	-0.022996	18.97	19.468636
1.0	0.010543	0.926529	0.003638	19.17	19.673894
0.0	-0.011998	0.939238	-0.003296	18.94	19.673894
1.0	0.022175	0.955141	0.006499	19.36	20.110168
0.0	-0.010847	0.965077	-0.010783	19.15	20.110168
1.0	-0.013577	0.950118	0.000886	18.89	19.837132
1.0	-0.018528	0.915073	0.010186	18.54	19.469583
1.0	-0.000539	0.915325	0.018523	18.53	19.459082
1.0	0.075013	0.826676	0.010166	19.92	20.918775
0.0	-0.040663	0.873082	-0.042409	19.11	20.918775
1.0	0.099948	0.763548	0.002661	21.02	23.009558
0.0	0.099905	0.57736	-0.057186	23.12	23.009558
0.0	0.099913	0.430413	-0.089141	25.43	23.009558
0.0	0.099882	0.231121	-0.1	27.97	23.009558
0.0	-0.031105	0.318043	-0.1	27.1	23.009558
0.0	-0.1	0.415517	-0.032877	24.39	23.009558
0.0	-0.100041	0.329074	0.062026	21.95	23.009558
0.0	-0.006834	0.403947	0.1	21.8	23.009558
0.0	0.002752	0.476903	0.067239	21.86	23.009558
