kelly_weight	gain_loss_r	mean_slip_accurance	gain_loss_p	S_paths[0]	assets
---       ---       ---       ---       9.73000   9.73000   
0.27293   -0.00411  0.45293   -0.00206  9.69000   9.73000   
0.00000   -0.00722  0.97936   -0.00309  9.62000   9.73000   
0.00000   0.01559   0.96629   0.00283   9.77000   9.73000   
1.00000   0.00716   0.96217   0.00664   9.84000   9.73000   
1.00000   -0.02846  0.94323   -0.00750  9.56000   9.79971   
0.00000   -0.00418  0.91855   -0.00694  9.52000   9.52086   
0.00000   -0.02731  0.91133   -0.01471  9.26000   9.52086   
0.00000   0.00000   0.87327   -0.01155  9.26000   9.52086   
0.00000   -0.00864  0.86510   -0.01007  9.18000   9.52086   
0.00000   0.05556   0.87063   0.01212   9.69000   9.52086   
1.00000   0.00413   0.84575   0.01422   9.73000   9.52086   
1.00000   0.10175   0.83568   0.04529   10.72000  9.56016   
0.89438   0.10168   0.70253   0.07149   11.81000  10.53288  
0.03431   0.10161   0.51227   0.08858   13.01000  11.49074  
0.00000   -0.02613  0.32958   0.04951   12.67000  11.53080  
0.00000   -0.10103  0.36968   -0.00974  11.39000  11.53080  
0.68340   -0.10097  0.46671   -0.05250  10.24000  11.53080  
0.48460   -0.03809  0.37279   -0.06022  9.85000   10.73518  
0.67446   -0.06802  0.29691   -0.06526  9.18000   10.53705  
0.84982   -0.02397  0.22270   -0.05285  8.96000   10.05364  
0.91030   0.03348   0.25945   -0.02247  9.26000   9.84889   
0.29981   -0.00864  0.46631   -0.01015  9.18000   10.14907  
0.00000   0.01525   0.66905   0.00214   9.32000   10.12278  
1.00000   0.01073   0.81261   0.00753   9.42000   10.12278  
1.00000   -0.01699  0.87792   0.00038   9.26000   10.23140  
1.00000   0.07127   0.92575   0.02235   9.92000   10.05761  
1.00000   0.04335   0.85649   0.03382   10.35000  10.77446  
1.00000   -0.01063  0.75502   0.02155   10.24000  11.24150  
1.00000   -0.03418  0.74500   0.00041   9.89000   11.12203  
1.00000   0.06370   0.79777   0.01581   10.52000  10.74188  
1.00000   0.00856   0.80433   0.01576   10.61000  11.42614  
1.00000   -0.02639  0.81170   0.00254   10.33000  11.52390  
1.00000   0.01065   0.86852   0.00239   10.44000  11.21978  
1.00000   0.06130   0.91735   0.02124   11.08000  11.33925  
1.00000   -0.04964  0.85899   0.00083   10.53000  12.03438  
1.00000   0.01614   0.87655   0.00255   10.70000  11.43701  
1.00000   0.02523   0.91021   0.00928   10.97000  11.62165  
1.00000   -0.00729  0.90465   0.00529   10.89000  11.91491  
1.00000   0.01102   0.92020   0.00686   11.01000  11.82801  
1.00000   0.03451   0.92285   0.01620   11.39000  11.95835  
1.00000   0.00176   0.87929   0.01321   11.41000  12.37108  
1.00000   -0.03681  0.86315   -0.00385  10.99000  12.39280  
0.00000   -0.01911  0.86620   -0.01277  10.78000  11.93663  
0.00000   0.01670   0.84796   -0.00596  10.96000  11.93663  
0.00000   -0.01916  0.88229   -0.00892  10.75000  11.93663  
0.00000   0.04372   0.89225   0.00838   11.22000  11.93663  
1.00000   0.00535   0.88199   0.01089   11.28000  11.93663  
1.00000   0.00177   0.87418   0.00901   11.30000  12.00046  
1.00000   -0.00442  0.88311   0.00398   11.25000  12.02174  
1.00000   -0.00711  0.91543   -0.00107  11.17000  11.96854  
0.00000   0.05372   0.94102   0.01577   11.77000  11.88343  
1.00000   0.00510   0.89064   0.01563   11.83000  11.88343  
1.00000   0.03043   0.85677   0.02143   12.19000  11.94401  
1.00000   0.05168   0.81127   0.03281   12.82000  12.30748  
1.00000   -0.02184  0.73492   0.01610   12.54000  12.94355  
1.00000   0.05582   0.76325   0.02642   13.24000  12.66086  
1.00000   -0.00151  0.74223   0.01804   13.22000  13.36760  
1.00000   -0.06127  0.76622   -0.01006  12.41000  13.34741  
0.00000   0.00000   0.77308   -0.01311  12.41000  12.52960  
0.00000   -0.00886  0.79292   -0.01361  12.30000  12.52960  
0.00000   -0.00488  0.81551   -0.01052  12.24000  12.52960  
0.00000   -0.03758  0.84684   -0.01836  11.78000  12.52960  
0.00000   0.01443   0.82163   -0.00943  11.95000  12.52960  
0.00000   0.01841   0.84965   0.00132   12.17000  12.52960  
1.00000   0.00822   0.88456   0.00649   12.27000  12.52960  
1.00000   0.02526   0.90127   0.01430   12.58000  12.63256  
1.00000   -0.00318  0.87862   0.00996   12.54000  12.95172  
1.00000   0.10128   0.88168   0.03987   13.81000  12.91054  
1.00000   0.01448   0.75233   0.03666   14.01000  14.21806  
0.96630   -0.05139  0.67713   0.00653   13.29000  14.42397  
1.00000   0.01053   0.75091   0.00117   13.43000  13.70768  
1.00000   0.07223   0.84296   0.02209   14.40000  13.85208  
1.00000   -0.06042  0.81555   -0.00194  13.53000  14.85257  
0.00000   0.10126   0.84280   0.02810   14.90000  13.95522  
1.00000   -0.01611  0.76998   0.01755   14.66000  13.95522  
1.00000   -0.02592  0.77351   0.00199   14.28000  13.73044  
1.00000   -0.10084  0.83310   -0.03576  12.84000  13.37454  
0.00000   -0.10125  0.69701   -0.06513  11.54000  12.02584  
0.21562   -0.07539  0.42979   -0.07670  10.67000  12.02584  
0.80563   0.05904   0.19105   -0.03994  11.30000  11.83036  
1.00000   0.03009   0.29492   -0.00774  11.64000  12.39310  
0.00000   0.01804   0.53150   0.01066   11.85000  12.76599  
1.00000   -0.00338  0.69140   0.01052   11.81000  12.76599  
1.00000   -0.01185  0.80362   0.00271   11.67000  12.72290  
1.00000   -0.03171  0.89318   -0.01096  11.30000  12.57208  
0.00000   -0.00088  0.88688   -0.01104  11.29000  12.17348  
0.00000   0.00000   0.88090   -0.00788  11.29000  12.17348  
0.00000   0.02746   0.89237   0.00485   11.60000  12.17348  
1.00000   -0.01552  0.89638   0.00098   11.42000  12.17348  
1.00000   0.03065   0.93259   0.01048   11.77000  11.98458  
1.00000   -0.01359  0.91523   0.00391   11.61000  12.35188  
1.00000   0.01550   0.93266   0.00673   11.79000  12.18397  
1.00000   -0.03817  0.93036   -0.00813  11.34000  12.37287  
0.00000   0.05026   0.90446   0.00785   11.91000  11.90063  
1.00000   0.05709   0.88446   0.02739   12.59000  11.90063  
1.00000   0.04210   0.79598   0.03750   13.12000  12.58009  
1.00000   -0.00915  0.70106   0.02383   13.00000  13.10967  
1.00000   0.01769   0.70540   0.01897   13.23000  12.98977  
1.00000   -0.02268  0.73978   0.00293   12.93000  13.21959  
1.00000   0.02475   0.83008   0.00674   13.25000  12.91982  
1.00000   -0.00755  0.87908   0.00228   13.15000  13.23957  
1.00000   -0.00076  0.92712   0.00077   13.14000  13.13965  
1.00000   -0.00761  0.96127   -0.00247  13.04000  13.12966  
0.00000   0.00613   0.96867   -0.00036  13.12000  13.02974  
0.00000   0.10137   0.97999   0.03388   14.45000  13.02974  
1.00000   -0.00277  0.83395   0.02819   14.41000  13.02974  
1.00000   -0.03747  0.75868   0.00579   13.87000  12.99367  
1.00000   -0.01298  0.80883   -0.00577  13.69000  12.50674  
0.00000   -0.01534  0.84282   -0.01259  13.48000  12.34444  
0.00000   0.00964   0.85136   -0.00692  13.61000  12.34444  
0.00000   0.06245   0.88598   0.01751   14.46000  12.34444  
1.00000   0.00622   0.83844   0.01921   14.55000  12.34444  
1.00000   0.10103   0.80896   0.04851   16.02000  12.42127  
0.70613   0.10112   0.67128   0.07292   17.64000  13.67620  
0.00000   -0.01077  0.48737   0.04759   17.45000  14.65277  
0.00000   -0.09742  0.46952   -0.00712  15.75000  14.65277  
0.00000   -0.02984  0.53665   -0.02705  15.28000  14.65277  
0.00000   0.01047   0.56711   -0.02193  15.44000  14.65277  
0.00000   0.00518   0.64829   -0.01169  15.52000  14.65277  
0.00000   -0.02448  0.75521   -0.01250  15.14000  14.65277  
0.00000   0.01915   0.81201   -0.00184  15.43000  14.65277  
0.00000   0.01361   0.88660   0.00527   15.64000  14.65277  
1.00000   -0.03836  0.91163   -0.00753  15.04000  14.65277  
0.00000   -0.01995  0.90233   -0.01420  14.74000  14.09065  
0.00000   -0.00678  0.86545   -0.01403  14.64000  14.09065  
0.00000   -0.02049  0.84676   -0.01626  14.34000  14.09065  
0.00000   -0.01116  0.82665   -0.01479  14.18000  14.09065  
0.00000   0.00000   0.82353   -0.00968  14.18000  14.09065  
0.00000   0.04231   0.85024   0.00866   14.78000  14.09065  
1.00000   0.02842   0.85271   0.01959   15.20000  14.09065  
1.00000   0.03882   0.81917   0.02916   15.79000  14.49106  
1.00000   -0.01013  0.75818   0.01759   15.63000  15.05354  
1.00000   0.06014   0.77162   0.02965   16.57000  14.90100  
1.00000   -0.01388  0.73163   0.01631   16.34000  15.79716  
1.00000   -0.01591  0.76580   0.00331   16.08000  15.57789  
1.00000   -0.01430  0.84535   -0.00586  15.85000  15.33001  
0.00000   0.01640   0.88157   -0.00101  16.11000  15.11074  
0.00000   -0.01490  0.92904   -0.00468  15.87000  15.11074  
0.00000   0.01701   0.94246   0.00221   16.14000  15.11074  
1.00000   0.00805   0.94951   0.00544   16.27000  15.11074  
1.00000   -0.02889  0.94253   -0.00511  15.80000  15.23245  
0.00000   0.00886   0.92699   -0.00274  15.94000  14.79242  
0.00000   -0.01129  0.93806   -0.00563  15.76000  14.79242  
0.00000   0.04442   0.93671   0.01048   16.46000  14.79242  
1.00000   -0.00243  0.90122   0.00951   16.42000  14.79242  
1.00000   -0.00183  0.89019   0.00617   16.39000  14.75648  
1.00000   0.01098   0.90497   0.00680   16.57000  14.72952  
1.00000   0.03078   0.91430   0.01471   17.08000  14.89128  
1.00000   -0.01054  0.88237   0.00785   16.90000  15.34961  
1.00000   -0.02959  0.89202   -0.00573  16.40000  15.18785  
0.00000   -0.01890  0.88781   -0.01340  16.09000  14.73850  
0.00000   0.02175   0.86173   -0.00422  16.44000  14.73850  
0.00000   0.00000   0.89824   -0.00084  16.44000  14.73850  
0.00000   0.00791   0.93568   0.00349   16.57000  14.73850  
1.00000   -0.01992  0.94960   -0.00339  16.24000  14.73850  
0.00000   0.01416   0.94897   0.00093   16.47000  14.44498  
1.00000   -0.03947  0.95798   -0.01203  15.82000  14.44498  
0.00000   0.06511   0.91097   0.01047   16.85000  13.87490  
1.00000   0.02730   0.86816   0.02053   17.31000  13.87490  
1.00000   0.00231   0.81170   0.01747   17.35000  14.25368  
1.00000   0.02248   0.80070   0.01873   17.74000  14.28661  
1.00000   -0.00733  0.79522   0.00963   17.61000  14.60775  
1.00000   -0.01022  0.83673   0.00105   17.43000  14.50071  
1.00000   0.02295   0.89381   0.00619   17.83000  14.35249  
1.00000   0.00953   0.91414   0.00815   18.00000  14.68186  
1.00000   0.01778   0.91420   0.01226   18.32000  14.82185  
1.00000   -0.02183  0.89231   0.00166   17.92000  15.08535  
1.00000   0.09989   0.91633   0.03198   19.71000  14.75597  
1.00000   -0.00812  0.80538   0.02362   19.55000  16.22992  
1.00000   -0.01023  0.76626   0.01172   19.35000  16.09817  
1.00000   -0.01550  0.80338   -0.00053  19.05000  15.93349  
0.00000   0.01312   0.85869   0.00070   19.30000  15.68646  
1.00000   -0.00207  0.91623   -0.00024  19.26000  15.68646  
0.00000   0.03894   0.95855   0.01305   20.01000  15.65395  
1.00000   -0.00650  0.91940   0.00918   19.88000  15.65395  
1.00000   -0.03722  0.90693   -0.00667  19.14000  15.55225  
0.00000   -0.05590  0.88505   -0.02649  18.07000  14.97334  
0.00000   0.02767   0.78177   -0.01456  18.57000  14.97334  
0.00000   -0.00377  0.79037   -0.00893  18.50000  14.97334  
0.00000   0.03027   0.83488   0.00639   19.06000  14.97334  
1.00000   0.01889   0.86044   0.01415   19.42000  14.97334  
1.00000   -0.02317  0.85434   0.00346   18.97000  15.25615  
1.00000   0.01054   0.90133   0.00356   19.17000  14.90264  
1.00000   -0.01200  0.93158   -0.00229  18.94000  15.05975  
0.00000   0.02218   0.94830   0.00462   19.36000  14.87907  
1.00000   -0.01085  0.94423   0.00082   19.15000  14.87907  
1.00000   -0.01358  0.96161   -0.00441  18.89000  14.71767  
0.00000   -0.01853  0.95303   -0.01043  18.54000  14.51785  
0.00000   -0.00054  0.91893   -0.00874  18.53000  14.51785  
0.00000   0.07501   0.90622   0.01906   19.92000  14.51785  
1.00000   -0.04066  0.83282   0.00449   19.11000  14.51785  
1.00000   0.09995   0.86971   0.03429   21.02000  13.92752  
1.00000   0.09990   0.77123   0.06259   23.12000  15.31954  
0.29118   0.09991   0.59112   0.08290   25.43000  16.85004  
0.00000   0.09988   0.39803   0.09398   27.97000  17.34025  
0.00000   -0.03110  0.24261   0.04927   27.10000  17.34025  
0.00000   -0.10000  0.32453   -0.01069  24.39000  17.34025  
1.00000   -0.10004  0.44349   -0.05288  21.95000  17.34025  
0.52032   -0.00683  0.36244   -0.05104  21.80000  15.60551  
0.57188   0.00275   0.35405   -0.03449  21.86000  15.55002  
0.27293   ---       0.45293   ---       ( 22.47216 )---       
