hang'qin 记录：

1103

第一次压单出现在迅速下杀，
002171.SZ,2025-11-03 09:35:38,13.34,178,160,317,1541,198,43,311,784,856,5712
下杀太多，反弹又出现压单
002171.SZ,2025-11-03 09:56:08,13.25,188,588,402,983,2521,9065,129,640,190,29
一直压到
002171.SZ,2025-11-03 10:01:09,13.18,298,2652,2666,4134,1779,10096,435,487,259,17
之后双方博弈
002171.SZ,2025-11-03 10:02:39,13.16,3177,4682,1782,3547,1586,5172,58,120,221,1520
维持，势头一般
002171.SZ,2025-11-03 10:08:46,13.2,53,1456,2112,3894,5794,380,79,287,77,13
变化
002171.SZ,2025-11-03 10:17:53,13.06,189,5479,1964,2211,1981,44,731,633,3301,123
维持
002171.SZ,2025-11-03 10:31:04,13.01,10287,550,1830,391,539,1862,1011,649,263,369
下压
002171.SZ,2025-11-03 10:40:47,12.81,580,1847,385,733,654,1193,1395,1341,466,7502